  694   0.3069
  695   0.1836
  696   0.4122
  697   0.4064
  698   0.3587
  699   0.4115
  700   0.4139
  701   0.2298
  702   0.2761
  703   0.2313
  704   0.1073
  705   0.0901
  706   0.0860
  707   0.0845
  708   0.1059
  709   0.1256
  710   0.1408
  711   0.1164
  712   0.0919
  713   0.1011
  714   0.1055
  715   0.0966
  716   0.1050
  717   0.1104
  718   0.1070
  719   0.1318
  720   0.1725
  721   0.2567
  722   0.2967
  723   0.2664
  724   0.1796
  725   0.1309
  726   0.0866
  727   0.0787
  728   0.0730
  729   0.0776
  730   0.0746
  731   0.0749
  732   0.1044
  733   0.1279
  734   0.1755
  735   0.2290
  736   0.1659
  737   0.1808
  738   0.1196
  739   0.0943
  740   0.0699
  741   0.0624
  742   0.0509
  743   0.0534
  744   0.0630
  745   0.0706
  746   0.0974
  747   0.1542
  748   0.1958
  749   0.2289
  750   0.2837
  751   0.3471
  752   0.3364
  753   0.4232
  754   0.4189
  755   0.3247
  756   0.2705
  757   0.2993
  758   0.2932
  759   0.1942
  760   0.0968
  761   0.0950
  762   0.0800
  763   0.0703
  764   0.0776
  765   0.0724
  766   0.0574
  767   0.0650
  768   0.0773
  769   0.0662
  770   0.0816
  771   0.0661
  772   0.0662
  773   0.0552
  774   0.0495
  775   0.0516
  776   0.0560
  777   0.0501
  778   0.0544
  779   0.0587
  780   0.0598
  781   0.0851
  782   0.1468
  783   0.1924
  784   0.2037
  785   0.1673
  786   0.1032
  787   0.0720
  788   0.0547
  789   0.0460
  790   0.0458
  791   0.0497
  792   0.0491
  793   0.0687
  794   0.0832
  795   0.0789
  796   0.0768
  797   0.0687
  798   0.0606
  799   0.0637
  800   0.0737
  801   0.0664
  802   0.0657
  803   0.0851
  804   0.0918
  805   0.0815
  806   0.0942
  807   0.1094
  808   0.1002
  809   0.0681
  810   0.0664
  811   0.0622
  812   0.0623
  813   0.0619
  814   0.0569
  815   0.0515
  816   0.0564
  817   0.0504
  818   0.0476
  819   0.0457
  820   0.0472
  821   0.0460
  822   0.0473
  823   0.0511
  824   0.0525
  825   0.0491
  826   0.0522
  827   0.0532
  828   0.0551
  829   0.0666
  830   0.0765
  831   0.0696
  832   0.0698
  833   0.0635
  834   0.0581
  835   0.0523
  836   0.0573
  837   0.0623
  838   0.0547
  839   0.0562
  840   0.0593
  841   0.0672
  842   0.0601
  843   0.0551
  844   0.0554
  845   0.0577
  846   0.0661
  847   0.0693
  848   0.0733
  849   0.0706
  850   0.0604
  851   0.0530
  852   0.0529
  853   0.0508
  854   0.0539
  855   0.0742
  856   0.0699
  857   0.0789
  858   0.0752
  859   0.0706
  860   0.0724
  861   0.0816
  862   0.0888
  863   0.1426
  864   0.1785
  865   0.1733
  866   0.1288
  867   0.1119
  868   0.1029
  869   0.1183
  870   0.1008
  871   0.1020
  872   0.1718
  873   0.2311
  874   0.2395
  875   0.2058
  876   0.1505
  877   0.1338
  878   0.0917
  879   0.0832
  880   0.0629
  881   0.0651
  882   0.0576
  883   0.0711
  884   0.0695
  885   0.0702
  886   0.0862
  887   0.1033
  888   0.1082
  889   0.0939
  890   0.0818
  891   0.0692
  892   0.0791
  893   0.0963
  894   0.0578
  895   0.0479
  896   0.0434
  897   0.0391
  898   0.0417
  899   0.0433
  900   0.0397
  901   0.0417
  902   0.0444
  903   0.0448
  904   0.0449
  905   0.0493
  906   0.0545
  907   0.0546
  908   0.0560
  909   0.0605
  910   0.0664
  911   0.0730
  912   0.0787
  913   0.0864
  914   0.0810
  915   0.0989
  916   0.1295
  917   0.1803
  918   0.1518
  919   0.1620
  920   0.1587
  921   0.1682
  922   0.1422
  923   0.1227
  924   0.1398
  925   0.1337
  926   0.1116
  927   0.1070
  928   0.1424
  929   0.1385
  930   0.1234
  931   0.1009
  932   0.0742
  933   0.0710
  934   0.0808
  935   0.0715
  936   0.0698
  937   0.0906
  938   0.0694
  939   0.0699
  940   0.0713
  941   0.0716
  942   0.0704
  943   0.0582
  944   0.0602
  945   0.0667
  946   0.0563
  947   0.0518
  948   0.0579
  949   0.0572
  950   0.0486
  951   0.0544
  952   0.0645
  953   0.0794
  954   0.0942
  955   0.1116
  956   0.1388
  957   0.1069
  958   0.0647
  959   0.0654
  960   0.0683
  961   0.0562
  962   0.0722
  963   0.0722
  964   0.0579
  965   0.0618
  966   0.0698
  967   0.0648
  968   0.0581
  969   0.0687
  970   0.0751
  971   0.0673
  972   0.0795
  973   0.0980
  974   0.0887
  975   0.0736
  976   0.0887
  977   0.0883
  978   0.0697
  979   0.0663
  980   0.0786
  981   0.0776
  982   0.0852
  983   0.0966
  984   0.1190
  985   0.1229
  986   0.1343
  987   0.1048
  988   0.1136
  989   0.1115
  990   0.1288
  991   0.2081
  992   0.3310
  993   0.3730
  994   0.2959
  995   0.3189
  996   0.3068
  997   0.3086
  998   0.1909
  999   0.1844
 1000   0.2029
 1001   0.1716
 1002   0.1661
 1003   0.1988
 1004   0.2520
 1005   0.2727
 1006   0.2013
 1007   0.1811
 1008   0.2070
 1009   0.1478
 1010   0.1043
 1011   0.0959
 1012   0.0849
 1013   0.0887
 1014   0.1162
 1015   0.1383
 1016   0.1207
 1017   0.1452
 1018   0.1536
 1019   0.2429
