  694   1.1390
  695   1.1637
  696   1.0904
  697   0.8770
  698   0.6996
  699   0.5609
  700   0.4728
  701   0.5225
  702   0.3539
  703   0.1755
  704   0.1108
  705   0.0902
  706   0.1033
  707   0.1050
  708   0.1308
  709   0.1264
  710   0.1261
  711   0.1150
  712   0.1008
  713   0.1055
  714   0.1079
  715   0.0924
  716   0.1042
  717   0.1111
  718   0.1208
  719   0.1479
  720   0.1722
  721   0.2371
  722   0.2522
  723   0.2618
  724   0.1986
  725   0.1462
  726   0.1008
  727   0.0849
  728   0.0760
  729   0.0807
  730   0.0758
  731   0.0797
  732   0.1120
  733   0.1367
  734   0.2012
  735   0.2377
  736   0.1897
  737   0.1856
  738   0.1284
  739   0.1021
  740   0.0781
  741   0.0675
  742   0.0561
  743   0.0587
  744   0.0709
  745   0.0915
  746   0.1081
  747   0.1579
  748   0.2286
  749   0.2900
  750   0.3446
  751   0.3843
  752   0.3070
  753   0.4065
  754   0.4583
  755   0.3567
  756   0.2153
  757   0.2090
  758   0.2052
  759   0.1778
  760   0.1519
  761   0.2104
  762   0.2302
  763   0.1256
  764   0.1179
  765   0.1172
  766   0.0777
  767   0.0812
  768   0.1179
  769   0.0822
  770   0.0925
  771   0.0760
  772   0.0773
  773   0.0628
  774   0.0604
  775   0.0623
  776   0.0563
  777   0.0625
  778   0.0621
  779   0.0739
  780   0.0824
  781   0.0967
  782   0.1248
  783   0.1919
  784   0.2133
  785   0.1726
  786   0.1316
  787   0.0916
  788   0.0759
  789   0.0573
  790   0.0526
  791   0.0536
  792   0.0569
  793   0.0675
  794   0.0882
  795   0.0781
  796   0.0757
  797   0.0671
  798   0.0597
  799   0.0630
  800   0.0755
  801   0.0721
  802   0.0718
  803   0.0900
  804   0.0975
  805   0.0977
  806   0.1031
  807   0.1297
  808   0.1239
  809   0.0914
  810   0.0846
  811   0.0776
  812   0.0755
  813   0.0711
  814   0.0643
  815   0.0601
  816   0.0662
  817   0.0564
  818   0.0512
  819   0.0539
  820   0.0549
  821   0.0490
  822   0.0517
  823   0.0584
  824   0.0571
  825   0.0532
  826   0.0585
  827   0.0610
  828   0.0609
  829   0.0691
  830   0.0813
  831   0.0795
  832   0.0804
  833   0.0746
  834   0.0696
  835   0.0647
  836   0.0649
  837   0.0662
  838   0.0546
  839   0.0510
  840   0.0520
  841   0.0623
  842   0.0591
  843   0.0542
  844   0.0578
  845   0.0623
  846   0.0697
  847   0.0800
  848   0.0830
  849   0.0837
  850   0.0681
  851   0.0600
  852   0.0596
  853   0.0535
  854   0.0594
  855   0.0714
  856   0.0778
  857   0.0903
  858   0.0781
  859   0.0728
  860   0.0900
  861   0.1060
  862   0.1193
  863   0.1873
  864   0.2000
  865   0.2122
  866   0.1651
  867   0.1435
  868   0.1061
  869   0.0994
  870   0.1031
  871   0.1221
  872   0.1907
  873   0.2728
  874   0.3172
  875   0.3079
  876   0.2385
  877   0.1868
  878   0.0787
  879   0.0709
  880   0.0588
  881   0.0681
  882   0.0689
  883   0.0850
  884   0.0831
  885   0.0727
  886   0.0864
  887   0.1062
  888   0.1040
  889   0.0888
  890   0.0863
  891   0.0745
  892   0.0721
  893   0.0661
  894   0.0647
  895   0.0569
  896   0.0487
  897   0.0461
  898   0.0478
  899   0.0452
  900   0.0422
  901   0.0451
  902   0.0434
  903   0.0438
  904   0.0447
  905   0.0457
  906   0.0502
  907   0.0536
  908   0.0541
  909   0.0570
  910   0.0667
  911   0.0738
  912   0.0751
  913   0.0795
  914   0.0724
  915   0.0886
  916   0.1218
  917   0.1933
  918   0.1451
  919   0.1719
  920   0.1886
  921   0.2011
  922   0.1549
  923   0.1316
  924   0.1553
  925   0.1504
  926   0.1258
  927   0.1217
  928   0.1692
  929   0.1608
  930   0.1520
  931   0.1114
  932   0.0745
  933   0.0668
  934   0.0755
  935   0.0668
  936   0.0659
  937   0.0897
  938   0.0717
  939   0.0718
  940   0.0698
  941   0.0730
  942   0.0726
  943   0.0588
  944   0.0614
  945   0.0707
  946   0.0594
  947   0.0540
  948   0.0636
  949   0.0650
  950   0.0568
  951   0.0632
  952   0.0758
  953   0.0865
  954   0.0959
  955   0.0932
  956   0.1136
  957   0.1012
  958   0.0706
  959   0.0706
  960   0.0698
  961   0.0615
  962   0.0780
  963   0.0763
  964   0.0632
  965   0.0673
  966   0.0762
  967   0.0713
  968   0.0646
  969   0.0757
  970   0.0821
  971   0.0752
  972   0.0914
  973   0.1108
  974   0.0978
  975   0.0820
  976   0.0926
  977   0.0903
  978   0.0705
  979   0.0704
  980   0.0918
  981   0.1077
  982   0.1387
  983   0.1305
  984   0.1069
  985   0.1155
  986   0.1188
  987   0.1258
  988   0.2144
  989   0.2434
  990   0.2643
  991   0.2869
  992   0.3708
  993   0.3640
  994   0.3449
  995   0.3010
  996   0.2676
  997   0.2301
  998   0.2049
  999   0.2426
 1000   0.2684
 1001   0.2160
 1002   0.1710
 1003   0.1728
 1004   0.1875
 1005   0.1991
 1006   0.1539
 1007   0.1465
 1008   0.1594
 1009   0.1376
 1010   0.1156
 1011   0.1106
 1012   0.1000
 1013   0.0944
 1014   0.1162
 1015   0.1348
 1016   0.1259
 1017   0.1577
 1018   0.1112
 1019   0.1335
