  694   0.6946
  695   0.5657
  696   0.4866
  697   0.4044
  698   0.3816
  699   0.3774
  700   0.3500
  701   0.2534
  702   0.1841
  703   0.1412
  704   0.0949
  705   0.0909
  706   0.0853
  707   0.0776
  708   0.0968
  709   0.1049
  710   0.1123
  711   0.0928
  712   0.0759
  713   0.0814
  714   0.0857
  715   0.0860
  716   0.0898
  717   0.0915
  718   0.0995
  719   0.1235
  720   0.1669
  721   0.2717
  722   0.3307
  723   0.2693
  724   0.1675
  725   0.1346
  726   0.0957
  727   0.0784
  728   0.0735
  729   0.0726
  730   0.0627
  731   0.0643
  732   0.0893
  733   0.1243
  734   0.2034
  735   0.2856
  736   0.2910
  737   0.2573
  738   0.1164
  739   0.0744
  740   0.0630
  741   0.0597
  742   0.0513
  743   0.0533
  744   0.0578
  745   0.0726
  746   0.1136
  747   0.1854
  748   0.3024
  749   0.2910
  750   0.3699
  751   0.4918
  752   0.5459
  753   0.6843
  754   0.5208
  755   0.3406
  756   0.1739
  757   0.1606
  758   0.1302
  759   0.0878
  760   0.0804
  761   0.0834
  762   0.0675
  763   0.0613
  764   0.0626
  765   0.0605
  766   0.0550
  767   0.0585
  768   0.0636
  769   0.0602
  770   0.0714
  771   0.0613
  772   0.0670
  773   0.0535
  774   0.0516
  775   0.0511
  776   0.0552
  777   0.0608
  778   0.0602
  779   0.0617
  780   0.0607
  781   0.0864
  782   0.1203
  783   0.2032
  784   0.1836
  785   0.1574
  786   0.0975
  787   0.0755
  788   0.0587
  789   0.0523
  790   0.0478
  791   0.0488
  792   0.0498
  793   0.0542
  794   0.0648
  795   0.0735
  796   0.0731
  797   0.0590
  798   0.0523
  799   0.0557
  800   0.0621
  801   0.0587
  802   0.0604
  803   0.0752
  804   0.0830
  805   0.0822
  806   0.0947
  807   0.1266
  808   0.1007
  809   0.0736
  810   0.0830
  811   0.0849
  812   0.0917
  813   0.0620
  814   0.0586
  815   0.0548
  816   0.0557
  817   0.0481
  818   0.0456
  819   0.0448
  820   0.0449
  821   0.0419
  822   0.0434
  823   0.0478
  824   0.0482
  825   0.0431
  826   0.0459
  827   0.0486
  828   0.0486
  829   0.0525
  830   0.0629
  831   0.0572
  832   0.0572
  833   0.0524
  834   0.0495
  835   0.0500
  836   0.0516
  837   0.0545
  838   0.0503
  839   0.0486
  840   0.0492
  841   0.0521
  842   0.0482
  843   0.0471
  844   0.0473
  845   0.0504
  846   0.0609
  847   0.0643
  848   0.0730
  849   0.0709
  850   0.0550
  851   0.0484
  852   0.0473
  853   0.0450
  854   0.0480
  855   0.0536
  856   0.0559
  857   0.0649
  858   0.0585
  859   0.0557
  860   0.0617
  861   0.0685
  862   0.0811
  863   0.1370
  864   0.1698
  865   0.1838
  866   0.1310
  867   0.1134
  868   0.0785
  869   0.0798
  870   0.0872
  871   0.1140
  872   0.2102
  873   0.2894
  874   0.3250
  875   0.3253
  876   0.2472
  877   0.1478
  878   0.0908
  879   0.0717
  880   0.0562
  881   0.0659
  882   0.0572
  883   0.0714
  884   0.0659
  885   0.0624
  886   0.0757
  887   0.0872
  888   0.0851
  889   0.0764
  890   0.0701
  891   0.0581
  892   0.0535
  893   0.0479
  894   0.0452
  895   0.0436
  896   0.0404
  897   0.0375
  898   0.0396
  899   0.0406
  900   0.0392
  901   0.0411
  902   0.0405
  903   0.0421
  904   0.0439
  905   0.0432
  906   0.0485
  907   0.0549
  908   0.0546
  909   0.0540
  910   0.0634
  911   0.0700
  912   0.0713
  913   0.0783
  914   0.0725
  915   0.0909
  916   0.1296
  917   0.2003
  918   0.1518
  919   0.1683
  920   0.1907
  921   0.2083
  922   0.1688
  923   0.1256
  924   0.1485
  925   0.1560
  926   0.1192
  927   0.1053
  928   0.1516
  929   0.1427
  930   0.1214
  931   0.1003
  932   0.0654
  933   0.0594
  934   0.0716
  935   0.0644
  936   0.0625
  937   0.0863
  938   0.0773
  939   0.0719
  940   0.0706
  941   0.0706
  942   0.0707
  943   0.0561
  944   0.0552
  945   0.0613
  946   0.0514
  947   0.0468
  948   0.0511
  949   0.0510
  950   0.0451
  951   0.0496
  952   0.0568
  953   0.0675
  954   0.0767
  955   0.0734
  956   0.0882
  957   0.0797
  958   0.0546
  959   0.0588
  960   0.0557
  961   0.0496
  962   0.0627
  963   0.0639
  964   0.0541
  965   0.0565
  966   0.0645
  967   0.0615
  968   0.0585
  969   0.0678
  970   0.0749
  971   0.0708
  972   0.0881
  973   0.1092
  974   0.1018
  975   0.0880
  976   0.1050
  977   0.0998
  978   0.0728
  979   0.0686
  980   0.0820
  981   0.0975
  982   0.1963
  983   0.3172
  984   0.2696
  985   0.2210
  986   0.1902
  987   0.1653
  988   0.1430
  989   0.1323
  990   0.2153
  991   0.2246
  992   0.2447
  993   0.3105
  994   0.3119
  995   0.2708
  996   0.2240
  997   0.1132
  998   0.1428
  999   0.2453
 1000   0.2738
 1001   0.1974
 1002   0.1515
 1003   0.1441
 1004   0.1734
 1005   0.1509
 1006   0.1180
 1007   0.1627
 1008   0.2109
 1009   0.1561
 1010   0.0927
 1011   0.0927
 1012   0.0751
 1013   0.0753
 1014   0.0930
 1015   0.1196
 1016   0.1415
 1017   0.1561
 1018   0.2392
 1019   0.3850
