  694   1.1592
  695   1.0862
  696   0.9826
  697   0.9108
  698   0.8016
  699   0.6535
  700   0.5050
  701   0.4268
  702   0.3327
  703   0.2331
  704   0.1166
  705   0.1117
  706   0.1037
  707   0.0999
  708   0.1223
  709   0.1362
  710   0.1473
  711   0.1216
  712   0.1060
  713   0.1134
  714   0.1140
  715   0.1071
  716   0.1122
  717   0.1225
  718   0.1201
  719   0.1602
  720   0.2040
  721   0.2716
  722   0.3042
  723   0.2626
  724   0.2270
  725   0.1702
  726   0.1088
  727   0.0920
  728   0.0801
  729   0.0833
  730   0.0811
  731   0.0847
  732   0.1158
  733   0.1512
  734   0.2018
  735   0.2735
  736   0.2166
  737   0.2330
  738   0.1476
  739   0.1012
  740   0.0811
  741   0.0651
  742   0.0584
  743   0.0598
  744   0.0766
  745   0.0905
  746   0.1152
  747   0.1816
  748   0.2879
  749   0.3229
  750   0.3749
  751   0.5261
  752   0.5283
  753   0.5385
  754   0.4289
  755   0.3397
  756   0.3304
  757   0.3035
  758   0.2518
  759   0.1817
  760   0.1306
  761   0.1444
  762   0.1476
  763   0.1047
  764   0.0898
  765   0.0816
  766   0.0730
  767   0.0814
  768   0.0863
  769   0.0822
  770   0.0962
  771   0.0835
  772   0.0906
  773   0.0674
  774   0.0663
  775   0.0686
  776   0.0722
  777   0.0613
  778   0.0691
  779   0.0762
  780   0.0779
  781   0.1098
  782   0.1588
  783   0.2288
  784   0.2403
  785   0.1930
  786   0.1337
  787   0.0940
  788   0.0740
  789   0.0622
  790   0.0563
  791   0.0586
  792   0.0560
  793   0.0624
  794   0.0742
  795   0.0729
  796   0.0707
  797   0.0601
  798   0.0562
  799   0.0584
  800   0.0696
  801   0.0715
  802   0.0762
  803   0.0930
  804   0.1068
  805   0.1058
  806   0.1096
  807   0.1419
  808   0.1213
  809   0.0976
  810   0.0925
  811   0.0869
  812   0.0816
  813   0.0753
  814   0.0706
  815   0.0687
  816   0.0707
  817   0.0594
  818   0.0554
  819   0.0616
  820   0.0590
  821   0.0505
  822   0.0563
  823   0.0660
  824   0.0621
  825   0.0582
  826   0.0674
  827   0.0758
  828   0.0761
  829   0.0810
  830   0.0948
  831   0.1038
  832   0.1053
  833   0.1026
  834   0.0907
  835   0.0771
  836   0.0750
  837   0.0703
  838   0.0568
  839   0.0542
  840   0.0526
  841   0.0645
  842   0.0592
  843   0.0536
  844   0.0570
  845   0.0613
  846   0.0687
  847   0.0760
  848   0.0828
  849   0.0843
  850   0.0717
  851   0.0624
  852   0.0619
  853   0.0547
  854   0.0623
  855   0.0870
  856   0.0811
  857   0.1002
  858   0.0836
  859   0.0832
  860   0.1022
  861   0.1347
  862   0.1537
  863   0.2156
  864   0.2383
  865   0.2450
  866   0.2000
  867   0.1702
  868   0.1476
  869   0.1457
  870   0.1353
  871   0.1363
  872   0.1997
  873   0.2811
  874   0.2928
  875   0.2688
  876   0.2129
  877   0.1877
  878   0.0964
  879   0.0834
  880   0.0696
  881   0.0789
  882   0.0778
  883   0.0979
  884   0.1013
  885   0.1002
  886   0.1146
  887   0.1391
  888   0.1455
  889   0.1332
  890   0.1228
  891   0.1065
  892   0.1284
  893   0.1597
  894   0.0829
  895   0.0665
  896   0.0551
  897   0.0525
  898   0.0542
  899   0.0488
  900   0.0436
  901   0.0474
  902   0.0464
  903   0.0438
  904   0.0462
  905   0.0490
  906   0.0528
  907   0.0553
  908   0.0588
  909   0.0631
  910   0.0714
  911   0.0765
  912   0.0813
  913   0.0892
  914   0.0809
  915   0.0973
  916   0.1269
  917   0.1817
  918   0.1515
  919   0.1633
  920   0.1661
  921   0.1859
  922   0.1633
  923   0.1327
  924   0.1460
  925   0.1502
  926   0.1297
  927   0.1154
  928   0.1547
  929   0.1484
  930   0.1286
  931   0.1053
  932   0.0804
  933   0.0738
  934   0.0815
  935   0.0724
  936   0.0735
  937   0.0969
  938   0.0878
  939   0.0796
  940   0.0792
  941   0.0803
  942   0.0850
  943   0.0692
  944   0.0668
  945   0.0730
  946   0.0654
  947   0.0589
  948   0.0674
  949   0.0702
  950   0.0611
  951   0.0677
  952   0.0821
  953   0.0993
  954   0.1093
  955   0.1153
  956   0.1364
  957   0.1136
  958   0.0805
  959   0.0793
  960   0.0812
  961   0.0691
  962   0.0855
  963   0.0870
  964   0.0713
  965   0.0753
  966   0.0880
  967   0.0791
  968   0.0731
  969   0.0905
  970   0.0978
  971   0.0880
  972   0.1079
  973   0.1340
  974   0.1166
  975   0.0999
  976   0.1187
  977   0.1212
  978   0.0909
  979   0.0852
  980   0.1058
  981   0.1156
  982   0.1764
  983   0.2287
  984   0.2385
  985   0.3287
  986   0.2624
  987   0.2353
  988   0.2643
  989   0.2470
  990   0.2584
  991   0.2827
  992   0.3246
  993   0.3991
  994   0.4352
  995   0.2969
  996   0.1700
  997   0.1172
  998   0.1005
  999   0.1156
 1000   0.1429
 1001   0.1108
 1002   0.1110
 1003   0.1329
 1004   0.1587
 1005   0.1926
 1006   0.2081
 1007   0.2040
 1008   0.2388
 1009   0.1576
 1010   0.1035
 1011   0.1001
 1012   0.0921
 1013   0.1060
 1014   0.1310
 1015   0.1449
 1016   0.1345
 1017   0.1658
 1018   0.1905
 1019   0.3016
