  694   0.9060
  695   0.7791
  696   0.8320
  697   0.8777
  698   0.7717
  699   0.6511
  700   0.6580
  701   0.4594
  702   0.2298
  703   0.1632
  704   0.1227
  705   0.0998
  706   0.0998
  707   0.0998
  708   0.1255
  709   0.1283
  710   0.1394
  711   0.1246
  712   0.1057
  713   0.1234
  714   0.1282
  715   0.1179
  716   0.1288
  717   0.1369
  718   0.1513
  719   0.1929
  720   0.2355
  721   0.3387
  722   0.3889
  723   0.3607
  724   0.2535
  725   0.1928
  726   0.1195
  727   0.1014
  728   0.0937
  729   0.0991
  730   0.0929
  731   0.0909
  732   0.1138
  733   0.1309
  734   0.1906
  735   0.2057
  736   0.1840
  737   0.1714
  738   0.1255
  739   0.1024
  740   0.0850
  741   0.0760
  742   0.0637
  743   0.0693
  744   0.0821
  745   0.1010
  746   0.1206
  747   0.1579
  748   0.2913
  749   0.3386
  750   0.3671
  751   0.4826
  752   0.4206
  753   0.4065
  754   0.2941
  755   0.2152
  756   0.1729
  757   0.1930
  758   0.1767
  759   0.1259
  760   0.1276
  761   0.1416
  762   0.1085
  763   0.1005
  764   0.1152
  765   0.1066
  766   0.0925
  767   0.1038
  768   0.1171
  769   0.0926
  770   0.1023
  771   0.0897
  772   0.0947
  773   0.0721
  774   0.0721
  775   0.0762
  776   0.0814
  777   0.0782
  778   0.0691
  779   0.0699
  780   0.0754
  781   0.0880
  782   0.1181
  783   0.1699
  784   0.1738
  785   0.1453
  786   0.1075
  787   0.0913
  788   0.0752
  789   0.0599
  790   0.0596
  791   0.0615
  792   0.0622
  793   0.0768
  794   0.0946
  795   0.0803
  796   0.0790
  797   0.0712
  798   0.0603
  799   0.0626
  800   0.0756
  801   0.0689
  802   0.0655
  803   0.0848
  804   0.0918
  805   0.0859
  806   0.0935
  807   0.1391
  808   0.1063
  809   0.0754
  810   0.0898
  811   0.0802
  812   0.0805
  813   0.0713
  814   0.0642
  815   0.0622
  816   0.0676
  817   0.0578
  818   0.0530
  819   0.0590
  820   0.0608
  821   0.0538
  822   0.0565
  823   0.0651
  824   0.0651
  825   0.0582
  826   0.0628
  827   0.0685
  828   0.0651
  829   0.0708
  830   0.0851
  831   0.0797
  832   0.0794
  833   0.0690
  834   0.0603
  835   0.0589
  836   0.0640
  837   0.0661
  838   0.0604
  839   0.0598
  840   0.0589
  841   0.0681
  842   0.0664
  843   0.0596
  844   0.0650
  845   0.0678
  846   0.0788
  847   0.0852
  848   0.0879
  849   0.0886
  850   0.0757
  851   0.0656
  852   0.0670
  853   0.0615
  854   0.0681
  855   0.0778
  856   0.0765
  857   0.0861
  858   0.0745
  859   0.0699
  860   0.0779
  861   0.0929
  862   0.1035
  863   0.1610
  864   0.2208
  865   0.2778
  866   0.1729
  867   0.1480
  868   0.1073
  869   0.1006
  870   0.0995
  871   0.1123
  872   0.1890
  873   0.2339
  874   0.2546
  875   0.2118
  876   0.1684
  877   0.1584
  878   0.0975
  879   0.0940
  880   0.0773
  881   0.0777
  882   0.0697
  883   0.0818
  884   0.0798
  885   0.0779
  886   0.0896
  887   0.1019
  888   0.1052
  889   0.0947
  890   0.0862
  891   0.0717
  892   0.0673
  893   0.0623
  894   0.0603
  895   0.0574
  896   0.0501
  897   0.0472
  898   0.0483
  899   0.0484
  900   0.0447
  901   0.0475
  902   0.0468
  903   0.0461
  904   0.0472
  905   0.0498
  906   0.0534
  907   0.0547
  908   0.0567
  909   0.0604
  910   0.0684
  911   0.0756
  912   0.0801
  913   0.0916
  914   0.0853
  915   0.1028
  916   0.1373
  917   0.1865
  918   0.1498
  919   0.1573
  920   0.1485
  921   0.1571
  922   0.1429
  923   0.1221
  924   0.1394
  925   0.1419
  926   0.1201
  927   0.1123
  928   0.1490
  929   0.1435
  930   0.1264
  931   0.1050
  932   0.0803
  933   0.0740
  934   0.0814
  935   0.0721
  936   0.0705
  937   0.0932
  938   0.0748
  939   0.0759
  940   0.0794
  941   0.0820
  942   0.0846
  943   0.0685
  944   0.0675
  945   0.0747
  946   0.0651
  947   0.0585
  948   0.0654
  949   0.0654
  950   0.0561
  951   0.0622
  952   0.0721
  953   0.0838
  954   0.0903
  955   0.0855
  956   0.1046
  957   0.0950
  958   0.0691
  959   0.0717
  960   0.0710
  961   0.0643
  962   0.0852
  963   0.0834
  964   0.0685
  965   0.0742
  966   0.0863
  967   0.0795
  968   0.0702
  969   0.0845
  970   0.0954
  971   0.0845
  972   0.0983
  973   0.1222
  974   0.1121
  975   0.0955
  976   0.1130
  977   0.1125
  978   0.0835
  979   0.0786
  980   0.0933
  981   0.1004
  982   0.2388
  983   0.3521
  984   0.3224
  985   0.3045
  986   0.2215
  987   0.1309
  988   0.1392
  989   0.1046
  990   0.1389
  991   0.1848
  992   0.2668
  993   0.2740
  994   0.2629
  995   0.2910
  996   0.2570
  997   0.2087
  998   0.1956
  999   0.2220
 1000   0.2481
 1001   0.2283
 1002   0.1871
 1003   0.1850
 1004   0.2285
 1005   0.2142
 1006   0.1456
 1007   0.1491
 1008   0.1620
 1009   0.1317
 1010   0.1123
 1011   0.1039
 1012   0.0925
 1013   0.0987
 1014   0.1203
 1015   0.1448
 1016   0.1349
 1017   0.1538
 1018   0.1657
 1019   0.2461
